1	274934
10	560944
11	743161
12	533233
13	656132
14	625569
15	511363
16	2875030
17	163001
18	1223682
19	376057
2	151402
20	614109
21	981161
22	1968689
23	3750091
24	2183881
25	1520670
26	1987827
27	1054480
28	655315
29	988921
3	3017712
30	764652
31	1206316
32	1042619
33	1271740
34	1988160
35	982905
36	1911786
37	847416
38	1898855
39	771837
4	670122
40	797616
42	2091969
43	1127124
44	564042
45	760063
46	949075
47	1321066
48	956501
49	120194
5	1643804
50	5508664
51	674118
52	2716081
53	528604
54	2124564
55	1564594
56	1647576
57	660996
58	1124870
6	192557
60	581005
61	3309664
62	966985
63	2550263
64	1985524
65	395894
66	3506202
67	818502
68	881360
69	1140195
7	531612
70	782817
71	1260975
72	1045051
73	1053971
74	2750117
76	1056538
77	7181973
78	3645378
79	135580
8	215713
83	35497
86	1082458
87	34224
89	355680
9	319479
90	2121805
91	257219
92	822503
99	336998
